下表为相邻时刻之间大巴车行驶的路程（公里）。
0.50     54.395054   51.944112   48.884158
1.00     52.482036   45.387162   56.343101
1.50     46.173686   46.064382   60.089141
2.00     41.407113   54.986887   46.627966
2.50     41.876389   55.571973   53.006564
3.00     46.069189   44.462497   42.709941
3.50     49.500422   38.791440   44.528696
4.00     48.828340   46.301440   48.852687
4.50     44.639713   51.778159   39.406951
5.00     40.782514   44.713830   50.118285
5.50     40.802859   38.186441   42.392585
6.00     44.682036   44.322509   44.059559
6.50     48.853548   51.717721   49.114272
7.00     49.482126   46.627877   39.348195
7.50     45.989858   38.512582   49.941542
8.00     41.587519   42.454319   42.734035
8.50     40.322600   51.127270   43.689185
9.00     43.358060   48.412532   49.366267
9.50     47.903113   39.355516   39.314801
10.00    49.779057   40.788918   49.743055
10.50    47.261158   50.048723   43.085463
11.00    42.664361   49.925347   43.324584
11.50    40.214940   40.648087   49.599036
12.00    42.164881   39.458968   39.306440
12.50    46.721417   48.567999   49.523682
13.00    49.695291   51.045812   43.445321
13.50    48.352335   42.287329   42.967360
14.00    43.927258   38.570414   49.811553
14.50    40.488455   46.803049   39.323151
15.00    41.197545   51.684671   49.284390