time(hour) driverA driverB driverC
0.5 54.395054 51.944112 48.884158
1 52.482036 45.387162 56.343101
1.5 46.173686 46.064382 60.089141
2 41.407113 54.986887 46.627966
2.5 41.876389 55.571973 53.006564
3 46.069189 44.462497 42.709941
3.5 49.500422 38.79144 44.528696
4 48.82834 46.30144 48.852687
4.5 44.639713 51.778159 39.406951
5 40.782514 44.71383 50.118285
5.5 40.802859 38.186441 42.392585
6 44.682036 44.322509 44.059559
6.5 48.853548 51.717721 49.114272
7 49.482126 46.627877 39.348195
7.5 45.989858 38.512582 49.941542
8 41.587519 42.454319 42.734035
8.5 40.3226 51.12727 43.689185
9 43.35806 48.412532 49.366267
9.5 47.903113 39.355516 39.314801
10 49.779057 40.788918 49.743055
10.5 47.261158 50.048723 43.085463
11 42.664361 49.925347 43.324584
11.5 40.21494 40.648087 49.599036
12 42.164881 39.458968 39.30644
12.5 46.721417 48.567999 49.523682
13 49.695291 51.045812 43.445321
13.5 48.352335 42.287329 42.96736
14 43.927258 38.570414 49.811553
14.5 40.488455 46.803049 39.323151
15 41.197545 51.684671 49.28439